id,sex,age,trial,btrial,block,corrkey,cond,dimA,dimB,switch,runlength,reltrans,irreltrans,rep,stimid,tstimon,treact,tfixon,soa,fixdur,rt,error,respkey
103	f	21	1	1	1	2	SSSS	Ho	Fy	401104	9.641588e+00	1.079764e+01	2.914267e+00	1156	0	32
103	f	21	2	2	1	2	SCSA	Ho	Fo	403202	1.292477e+01	1.421846e+01	3.136766e+00	1294	0	32
103	f	21	3	3	1	1	SCSA	Ho	Fy	401103	1.860832e+01	2.022061e+01	6.173402e+00	1612	0	31
103	f	21	4	4	1	2	SCSA	Ho	Fy	401104	2.189264e+01	2.356500e+01	2.965928e+00	1672	0	32
103	f	21	5	5	1	2	SCSA	Ho	Fo	402215	2.555912e+01	2.706525e+01	4.147867e+00	1506	0	32
103	f	21	6	6	1	2	SCSA	Ho	Fo	403202	2.884306e+01	3.021084e+01	2.901689e+00	1368	0	32
103	f	21	7	7	1	2	SCDA	Hy	Fo	306215	3.212683e+01	3.377783e+01	3.569251e+00	1651	0	32
103	f	21	8	8	1	1	DCDA	Fo	Ho	402215	3.542630e+01	3.699488e+01	3.795011e+00	1569	0	31
103	f	21	9	9	1	2	SCSA	Fo	Ho	403202	4.047659e+01	4.235658e+01	5.533663e+00	1880	0	32
103	f	21	10	10	1	1	SCSA	Fo	Hy	310217	4.376015e+01	4.534403e+01	3.712720e+00	1584	0	31
103	f	21	11	11	1	1	SCSA	Fo	Hy	306215	4.712700e+01	4.862091e+01	3.861672e+00	1494	0	31
103	f	21	12	12	1	1	SCSA	Fo	Hy	310217	5.051116e+01	5.186183e+01	3.876811e+00	1351	0	31
103	f	21	13	13	1	1	SCDA	Fy	Hy	303111	5.379424e+01	5.545661e+01	3.358194e+00	1662	0	31
103	f	21	14	14	1	2	DCSA	Hy	Fo	306215	5.772832e+01	5.931303e+01	4.425337e+00	1585	0	32
103	f	21	15	15	1	2	SCSA	Hy	Fo	310217	6.104522e+01	6.260725e+01	3.807618e+00	1562	0	32
103	f	21	16	16	1	2	SCSA	Hy	Fo	306215	6.439543e+01	6.618955e+01	3.845085e+00	1794	0	32
103	f	21	17	17	1	1	SCSA	Hy	Fo	306215	6.767882e+01	6.947628e+01	3.231692e+00	1797	0	31
103	f	21	18	18	1	2	SCSA	Hy	Fo	306215	7.182872e+01	7.341456e+01	4.645069e+00	1586	0	32
103	f	21	19	19	1	1	SCSA	Hy	Fo	306215	7.511210e+01	7.671676e+01	2.950218e+00	1605	0	31
103	f	21	20	20	1	2	SCSA	Hy	Fo	310217	7.986252e+01	8.175518e+01	5.237725e+00	1893	0	32
103	f	21	21	21	1	1	SCDA	Ho	Fo	402215	8.329661e+01	8.460326e+01	3.929776e+00	1307	0	31
103	f	21	22	22	1	1	DCDA	Fy	Ho	401104	8.698007e+01	8.836422e+01	4.169903e+00	1384	0	31
103	f	21	23	23	1	2	SCSA	Fy	Ho	401103	9.026334e+01	9.186755e+01	3.108805e+00	1604	0	32
103	f	21	24	24	1	1	SCSA	Fy	Hy	303111	9.354681e+01	9.509573e+01	3.374142e+00	1549	0	31
103	f	21	25	25	1	2	SCSA	Fy	Ho	401104	9.683041e+01	9.832672e+01	2.943208e+00	1496	0	32
103	f	21	26	26	1	2	SCSA	Fy	Ho	401103	1.001147e+02	1.016334e+02	2.773166e+00	1519	0	32
103	f	21	27	27	1	2	SCSA	Fy	Ho	401104	1.033975e+02	1.049475e+02	3.269208e+00	1550	0	32
103	f	21	28	28	1	2	SCSA	Fy	Hy	303111	1.067979e+02	1.084639e+02	3.889550e+00	1666	0	32
103	f	21	29	29	1	2	SCDA	Fo	Hy	310217	1.100819e+02	1.118606e+02	3.022222e+00	1779	0	32
103	f	21	30	30	1	1	DCSA	Ho	Fy	401103	1.133647e+02	1.147237e+02	3.273736e+00	1359	0	31
103	f	21	31	31	1	1	SCSA	Ho	Fy	401103	1.166485e+02	1.178196e+02	3.731451e+00	1171	0	31
103	f	21	32	32	1	2	SCDA	Hy	Fy	303111	1.199318e+02	1.218265e+02	3.376640e+00	1895	0	32
103	f	21	33	33	1	2	DCSA	Fy	Ho	401104	1.232161e+02	1.246367e+02	3.583667e+00	1421	0	32
103	f	21	34	34	1	2	SCDA	Fo	Hy	306215	1.264998e+02	1.283127e+02	3.315746e+00	1813	0	32
103	f	21	35	35	1	1	DCDA	Hy	Fo	310217	1.297824e+02	1.316015e+02	2.767263e+00	1819	0	31
103	f	21	36	36	1	1	SCDA	Ho	Fy	401103	1.330665e+02	1.347286e+02	2.872255e+00	1662	0	31
103	f	21	37	37	1	2	DCDA	Fy	Hy	303111	1.368003e+02	1.379982e+02	4.227261e+00	1198	0	32
103	f	21	38	38	1	1	SCSA	Fy	Ho	401103	1.425506e+02	1.440549e+02	6.238827e+00	1504	0	31
103	f	21	39	39	1	1	SCDA	Fo	Hy	306215	1.458345e+02	1.474497e+02	2.950908e+00	1615	0	31
103	f	21	40	40	1	1	DCDA	Hy	Fy	302105	1.491171e+02	1.509771e+02	3.209331e+00	1860	0	31
103	f	21	41	41	1	1	SCDA	Ho	Fy	401104	1.524009e+02	1.538220e+02	3.554580e+00	1421	0	31
103	f	21	42	42	1	2	DCSA	Fo	Ho	403202	1.556854e+02	1.572132e+02	3.072616e+00	1528	0	32
103	f	21	43	43	1	2	SCSA	Fo	Ho	403202	1.619015e+02	1.632119e+02	6.708225e+00	1310	0	32
103	f	21	44	44	1	2	SCDA	Fy	Ho	401103	1.653021e+02	1.672062e+02	3.894793e+00	1904	0	32
103	f	21	45	45	1	1	DCSA	Hy	Fo	306215	1.685853e+02	1.705539e+02	2.779445e+00	1969	0	31
103	f	21	46	46	1	2	SCSA	Hy	Fy	303111	1.718691e+02	1.732195e+02	3.105377e+00	1350	0	32
103	f	21	47	47	1	2	SCSA	Hy	Fo	310217	1.751523e+02	1.765325e+02	2.865804e+00	1380	0	32
103	f	21	48	48	1	1	SCDA	Ho	Fy	401104	1.784365e+02	1.795126e+02	3.216717e+00	1076	0	31
103	f	21	49	49	1	2	DCSA	Fo	Hy	306215	1.817200e+02	1.835204e+02	2.876878e+00	1800	0	32
103	f	21	50	50	1	1	SCDA	Fy	Ho	401103	1.850029e+02	1.864665e+02	3.381091e+00	1464	0	31
103	f	21	51	51	1	2	DCDA	Ho	Fy	401104	1.882868e+02	1.894898e+02	3.547028e+00	1203	0	32
103	f	21	52	52	1	1	SCSA	Ho	Fy	401103	1.915702e+02	1.929236e+02	2.850211e+00	1353	0	31
103	f	21	53	53	1	1	SCDA	Hy	Fo	310217	1.951371e+02	1.968014e+02	4.062121e+00	1664	0	31
103	f	21	54	54	1	1	DCSA	Fy	Ho	401104	2.007383e+02	2.018949e+02	6.086669e+00	1157	0	31
103	f	21	55	55	1	2	SCDA	Fo	Ho	403202	2.040215e+02	2.054872e+02	3.577342e+00	1466	0	32
103	f	21	56	56	1	1	DCDA	Hy	Fo	306215	2.083548e+02	2.097407e+02	4.817658e+00	1386	0	31
103	f	21	57	57	1	2	SCDA	Ho	Fy	401103	2.116384e+02	2.129924e+02	3.611469e+00	1354	0	32
103	f	21	58	58	1	2	DCSA	Fo	Hy	310217	2.149219e+02	2.163038e+02	2.815092e+00	1382	0	32
103	f	21	59	59	1	1	SCSA	Fo	Ho	402215	2.184059e+02	2.202205e+02	3.967258e+00	1815	0	31
103	f	21	60	60	1	1	SCDA	Fy	Ho	401103	2.216895e+02	2.232431e+02	2.769370e+00	1554	0	31
103	f	21	61	61	1	1	DCDA	Ho	Fy	401104	2.249728e+02	2.264060e+02	2.750582e+00	1433	0	31
103	f	21	62	62	1	1	SCDA	Hy	Fy	302105	2.282564e+02	2.300599e+02	3.409802e+00	1803	0	31
103	f	21	63	63	1	2	DCDA	Fo	Hy	310217	2.315402e+02	2.333823e+02	3.246550e+00	1842	0	32
103	f	21	64	64	1	2	SCDA	Fy	Ho	401103	2.349402e+02	2.366359e+02	3.883039e+00	1696	0	32
103	f	21	65	65	1	1	DCDA	Ho	Fo	403202	2.383740e+02	2.398474e+02	3.915944e+00	1473	0	31
103	f	21	66	66	1	2	SCSA	Ho	Fy	401104	2.416577e+02	2.429737e+02	2.835896e+00	1316	0	32
103	f	21	67	67	1	2	SCDA	Hy	Fo	310217	2.449412e+02	2.463973e+02	2.858030e+00	1456	0	32
103	f	21	68	68	1	2	DCSA	Fy	Ho	401103	2.495243e+02	2.510688e+02	5.068681e+00	1544	0	32
103	f	21	69	69	1	2	SCSA	Fy	Ho	401103	2.540086e+02	2.552736e+02	4.977801e+00	1265	0	32
103	f	21	70	70	1	1	SCDA	Fo	Hy	310217	2.572913e+02	2.588098e+02	2.759578e+00	1518	0	31
103	f	21	71	71	1	1	DCSA	Ho	Fo	403202	2.605751e+02	2.624838e+02	2.806746e+00	1909	0	31
103	f	21	72	72	1	1	SCDA	Hy	Fo	306215	2.648087e+02	2.670735e+02	4.723799e+00	2265	0	31
103	f	21	73	73	1	1	DCSA	Fy	Ho	401104	2.680920e+02	2.693888e+02	3.526012e+00	1297	0	31
103	f	21	74	74	1	2	SCDA	Fo	Hy	306215	2.721423e+02	2.735861e+02	4.546830e+00	1444	0	32
103	f	21	75	75	1	2	DCDA	Hy	Fo	310217	2.754264e+02	2.767818e+02	3.644740e+00	1355	0	32
103	f	21	76	76	1	1	SCDA	Ho	Fy	401103	2.787096e+02	2.812258e+02	2.898054e+00	2516	0	31
103	f	21	77	77	1	2	DCSA	Fo	Hy	310217	2.819939e+02	2.833722e+02	2.806392e+00	1378	0	32
103	f	21	78	78	1	2	SCSA	Fo	Hy	310217	2.852768e+02	2.863835e+02	3.053717e+00	1107	0	32
103	f	21	79	79	1	1	SCDA	Fy	Hy	302105	2.888102e+02	2.900590e+02	4.030176e+00	1249	0	31
103	f	21	80	80	1	2	DCDA	Ho	Fy	401104	2.921438e+02	2.935755e+02	3.825199e+00	1432	0	32
103	f	21	81	81	1	2	SCDA	Hy	Fo	306215	2.962951e+02	2.977319e+02	4.642571e+00	1437	0	32
103	f	21	82	82	1	2	DCDA	Fo	Hy	306215	2.995778e+02	3.010174e+02	3.204707e+00	1440	0	32
103	f	21	83	83	1	1	SCSA	Fo	Hy	310217	3.055118e+02	3.068089e+02	6.415950e+00	1297	0	31
103	f	21	84	84	1	1	SCDA	Fy	Ho	401103	3.087948e+02	3.100313e+02	3.542785e+00	1236	0	31
103	f	21	85	85	1	1	DCSA	Hy	Fy	303111	3.120789e+02	3.138646e+02	3.060695e+00	1786	0	31
103	f	21	86	86	1	1	SCDA	Ho	Fy	401103	3.153621e+02	3.170916e+02	2.777388e+00	1729	0	31
103	f	21	87	87	1	2	DCDA	Fy	Ho	401104	3.195288e+02	3.214939e+02	4.662132e+00	1965	0	32
103	f	21	88	88	1	2	SCDA	Fo	Hy	306215	3.228133e+02	3.245367e+02	3.173882e+00	1723	0	32
103	f	21	89	89	1	1	DCSA	Ho	Fy	401103	3.285133e+02	3.299862e+02	6.197010e+00	1473	0	31
103	f	21	90	90	1	2	SCDA	Hy	Fy	303111	3.317967e+02	3.330769e+02	3.592266e+00	1280	0	32
103	f	21	91	91	1	1	DCDA	Fo	Hy	306215	3.350809e+02	3.363450e+02	2.983208e+00	1264	0	31
103	f	21	92	92	1	1	SCDA	Fy	Ho	401103	3.393470e+02	3.405780e+02	4.764976e+00	1231	0	31
103	f	21	93	93	1	1	DCSA	Hy	Fo	310217	3.426308e+02	3.437392e+02	3.098308e+00	1108	0	31
103	f	21	94	94	1	2	SCDA	Ho	Fy	401103	3.459140e+02	3.471012e+02	3.643920e+00	1187	0	32
103	f	21	95	95	1	1	DCDA	Fy	Hy	303111	3.496978e+02	3.509030e+02	4.280173e+00	1205	0	31
103	f	21	96	96	1	2	SCDA	Fo	Hy	310217	3.529820e+02	3.543173e+02	3.127014e+00	1335	0	32
103	f	21	97	97	1	1	DCSA	Ho	Fy	401104	3.562657e+02	3.575223e+02	3.175472e+00	1257	0	31
103	f	21	98	1	2	2	SSSS	Hy	Fo	320208	9.647432e+00	1.092063e+01	2.835832e+00	1273	0	32
103	f	21	99	2	2	1	SCSA	Hy	Fo	320208	1.403110e+01	1.538476e+01	4.875231e+00	1354	0	31
103	f	21	100	3	2	1	SCSA	Hy	Fy	308118	1.731541e+01	1.850681e+01	2.909565e+00	1191	0	31
103	f	21	101	4	2	2	SCSA	Hy	Fo	320208	2.059865e+01	2.177356e+01	3.013918e+00	1175	0	32
103	f	21	102	5	2	1	SCSA	Hy	Fo	315201	2.424845e+01	2.589042e+01	4.136387e+00	1642	0	31
103	f	21	103	6	2	1	SCSA	Hy	Fo	320208	2.753225e+01	2.912349e+01	2.928844e+00	1591	0	31
103	f	21	104	7	2	2	SCDA	Ho	Fy	403116	3.081584e+01	3.210568e+01	2.788159e+00	1290	0	32
103	f	21	105	8	2	2	DCDA	Fy	Ho	403116	3.409964e+01	3.558946e+01	3.764845e+00	1490	0	32
103	f	21	106	9	2	2	SCSA	Fy	Ho	403116	3.738280e+01	3.882790e+01	3.256477e+00	1445	0	32
103	f	21	107	10	2	1	SCSA	Fy	Ho	403116	4.089970e+01	4.238755e+01	4.012918e+00	1488	0	31
103	f	21	108	11	2	2	SCSA	Fy	Hy	308118	4.461733e+01	4.630967e+01	4.200131e+00	1692	0	32
103	f	21	109	12	2	1	SCDA	Fo	Ho	403206	4.790090e+01	4.947023e+01	2.995901e+00	1569	0	31
103	f	21	110	13	2	2	DCSA	Ho	Fy	403116	5.211783e+01	5.337470e+01	4.704534e+00	1257	0	32
103	f	21	111	14	2	2	SCSA	Ho	Fy	403116	5.588458e+01	5.729991e+01	4.261584e+00	1415	0	32
103	f	21	112	15	2	2	SCSA	Ho	Fo	403215	5.978466e+01	6.118439e+01	4.394519e+00	1400	0	32
103	f	21	113	16	2	1	SCDA	Hy	Fo	320208	6.318487e+01	6.457923e+01	3.888140e+00	1394	0	31
103	f	21	114	17	2	1	DCDA	Fo	Hy	320208	6.646863e+01	6.793623e+01	3.151018e+00	1468	0	31
103	f	21	115	18	2	2	SCSA	Fo	Hy	320208	7.116856e+01	7.242871e+01	5.184553e+00	1260	0	32
103	f	21	116	19	2	2	SCSA	Fo	Ho	403206	7.445242e+01	7.594608e+01	3.471904e+00	1494	0	32
103	f	21	117	20	2	1	SCSA	Fo	Hy	315201	7.773612e+01	7.911636e+01	2.753508e+00	1380	0	31
103	f	21	118	21	2	1	SCSA	Fo	Hy	315201	8.101958e+01	8.300193e+01	3.265854e+00	1982	0	31
103	f	21	119	22	2	2	SCSA	Fo	Hy	320208	8.430366e+01	8.572417e+01	2.885196e+00	1421	0	32
103	f	21	120	23	2	2	SCDA	Fy	Ho	402106	8.758627e+01	8.942155e+01	3.745809e+00	1835	0	32
103	f	21	121	24	2	2	DCDA	Ho	Fo	403206	9.100389e+01	9.234605e+01	3.905780e+00	1342	0	32
103	f	21	122	25	2	1	SCSA	Ho	Fy	403116	9.428660e+01	9.584167e+01	3.196003e+00	1555	0	31
103	f	21	123	26	2	2	SCSA	Ho	Fy	402106	9.798768e+01	9.942239e+01	4.184333e+00	1435	0	32
103	f	21	124	27	2	1	SCSA	Ho	Fo	403206	1.019709e+02	1.039503e+02	4.467231e+00	1979	0	31
103	f	21	125	28	2	1	SCSA	Ho	Fy	403116	1.058713e+02	1.072543e+02	4.387851e+00	1383	0	31
103	f	21	126	29	2	2	SCSA	Ho	Fy	402106	1.091546e+02	1.109621e+02	3.639055e+00	1808	0	32
103	f	21	127	30	2	1	SCDA	Hy	Fo	320208	1.132215e+02	1.144249e+02	4.558353e+00	1203	0	31
103	f	21	128	31	2	2	DCDA	Fo	Hy	320208	1.165386e+02	1.182986e+02	3.801739e+00	1760	0	32
103	f	21	129	32	2	1	SCSA	Fo	Hy	315201	1.198226e+02	1.212010e+02	2.848543e+00	1378	0	31
103	f	21	130	33	2	1	SCDA	Fy	Ho	403116	1.232727e+02	1.249037e+02	3.935692e+00	1631	0	31
103	f	21	131	34	2	2	DCSA	Hy	Fy	308118	1.296728e+02	1.315209e+02	6.887911e+00	1848	0	32
103	f	21	132	35	2	2	SCSA	Hy	Fo	315201	1.329560e+02	1.343620e+02	3.098761e+00	1406	0	32
103	f	21	133	36	2	1	SCSA	Hy	Fy	306105	1.362400e+02	1.374818e+02	2.874269e+00	1242	0	31
103	f	21	134	37	2	2	SCDA	Ho	Fy	403116	1.398066e+02	1.409683e+02	4.061908e+00	1162	0	32
103	f	21	135	38	2	2	DCDA	Fy	Ho	402106	1.430908e+02	1.442322e+02	3.310114e+00	1141	0	32
103	f	21	136	39	2	1	SCSA	Fy	Ho	402106	1.475236e+02	1.485904e+02	4.918336e+00	1067	0	31
103	f	21	137	40	2	1	SCDA	Fo	Hy	315201	1.508073e+02	1.520812e+02	2.783490e+00	1274	0	31
103	f	21	138	41	2	2	DCSA	Ho	Fy	402106	1.540908e+02	1.559725e+02	3.002867e+00	1882	0	32
103	f	21	139	42	2	2	SCDA	Hy	Fy	306105	1.590911e+02	1.605057e+02	5.486381e+00	1415	0	32
103	f	21	140	43	2	1	DCSA	Fy	Ho	402106	1.623747e+02	1.636730e+02	3.611216e+00	1298	0	31
103	f	21	141	44	2	1	SCSA	Fy	Hy	308118	1.656585e+02	1.666649e+02	3.232355e+00	1006	0	31
103	f	21	142	45	2	1	SCSA	Fy	Hy	308118	1.689418e+02	1.699436e+02	3.175058e+00	1002	0	31
103	f	21	143	46	2	2	SCDA	Fo	Hy	315201	1.735095e+02	1.749401e+02	5.064760e+00	1431	0	32
103	f	21	144	47	2	2	DCDA	Hy	Fo	315201	1.767925e+02	1.785711e+02	3.014916e+00	1779	0	32
103	f	21	145	48	2	2	SCDA	Ho	Fy	402106	1.800758e+02	1.817669e+02	3.387548e+00	1691	0	32
103	f	21	146	49	2	1	DCDA	Fy	Ho	402106	1.833593e+02	1.846969e+02	3.134160e+00	1338	0	31
103	f	21	147	50	2	1	SCDA	Fo	Hy	320208	1.866432e+02	1.881461e+02	3.635266e+00	1503	0	31
103	f	21	148	51	2	1	DCDA	Hy	Fo	320208	1.899266e+02	1.914645e+02	3.439345e+00	1538	0	31
103	f	21	149	52	2	2	SCDA	Ho	Fy	403116	1.932103e+02	1.944977e+02	3.329638e+00	1287	0	32
103	f	21	150	53	2	2	DCSA	Fo	Hy	320208	2.059774e+02	2.076432e+02	2.880663e+00	1666	0	32
103	f	21	151	54	2	2	SCSA	Fo	Hy	315201	2.114446e+02	2.125041e+02	5.950261e+00	1059	1	32
103	f	21	152	55	2	2	SCSA	Fo	Hy	315201	2.147284e+02	2.160117e+02	3.186937e+00	1283	0	32
103	f	21	153	56	2	1	SCDA	Fy	Ho	402106	2.180122e+02	2.191729e+02	3.686905e+00	1161	0	31
103	f	21	154	57	2	2	DCDA	Ho	Fo	403215	2.214129e+02	2.225761e+02	3.884872e+00	1163	0	32
103	f	21	155	58	2	2	SCSA	Ho	Fy	403116	2.246962e+02	2.259236e+02	3.405219e+00	1227	0	32
103	f	21	156	59	2	2	SCDA	Hy	Fo	320208	2.279792e+02	2.295025e+02	3.174993e+00	1523	0	32
103	f	21	157	60	2	1	DCSA	Fy	Ho	402106	2.314128e+02	2.326839e+02	3.921460e+00	1271	0	31
103	f	21	158	61	2	1	SCDA	Fo	Ho	403206	2.346969e+02	2.359870e+02	3.012501e+00	1290	0	31
103	f	21	159	62	2	1	DCSA	Ho	Fy	403116	2.379808e+02	2.392599e+02	3.406286e+00	1279	0	31
103	f	21	160	63	2	2	SCDA	Hy	Fy	306105	2.412636e+02	2.423993e+02	3.398805e+00	1136	0	32
103	f	21	161	64	2	2	DCSA	Fy	Ho	403116	2.445637e+02	2.457846e+02	3.788314e+00	1221	0	32
103	f	21	162	65	2	1	SCSA	Fy	Ho	402106	2.478472e+02	2.493549e+02	2.907417e+00	1508	0	31
103	f	21	163	66	2	2	SCDA	Fo	Hy	320208	2.511313e+02	2.525720e+02	3.110223e+00	1441	0	32
103	f	21	164	67	2	1	DCDA	Hy	Fy	308118	2.544144e+02	2.557889e+02	3.082645e+00	1375	0	31
103	f	21	165	68	2	2	SCDA	Ho	Fo	403206	2.577313e+02	2.588726e+02	3.802279e+00	1141	0	32
103	f	21	166	69	2	2	DCSA	Fo	Hy	320208	2.612651e+02	2.625135e+02	4.024510e+00	1248	0	32
103	f	21	167	70	2	2	SCDA	Fy	Ho	403116	2.655487e+02	2.673972e+02	4.769237e+00	1849	0	32
103	f	21	168	71	2	2	DCDA	Ho	Fy	403116	2.688319e+02	2.702559e+02	2.863879e+00	1424	0	32
103	f	21	169	72	2	2	SCDA	Hy	Fo	315201	2.741661e+02	2.757008e+02	5.825482e+00	1535	0	32
103	f	21	170	73	2	2	DCDA	Fo	Ho	403215	2.786835e+02	2.801329e+02	5.008676e+00	1449	0	32
103	f	21	171	74	2	1	SCDA	Fy	Ho	402106	2.819669e+02	2.832570e+02	3.470021e+00	1290	0	31
103	f	21	172	75	2	1	DCSA	Hy	Fo	315201	2.853832e+02	2.868513e+02	3.901883e+00	1468	0	31
103	f	21	173	76	2	2	SCDA	Ho	Fy	403116	2.886674e+02	2.898316e+02	3.654618e+00	1164	0	32
103	f	21	174	77	2	1	DCDA	Fy	Hy	306105	2.919507e+02	2.935093e+02	2.953718e+00	1559	0	31
103	f	21	175	78	2	2	SCSA	Fy	Ho	403116	2.961004e+02	2.973556e+02	4.642951e+00	1255	0	32
103	f	21	176	79	2	2	SCDA	Fo	Ho	403206	3.008342e+02	3.021317e+02	5.219018e+00	1297	0	32
103	f	21	177	80	2	2	DCDA	Hy	Fo	320208	3.041180e+02	3.055273e+02	2.995436e+00	1409	0	32
103	f	21	178	81	2	1	SCDA	Ho	Fo	403215	3.074024e+02	3.087244e+02	2.754960e+00	1322	0	31
103	f	21	179	82	2	1	DCSA	Fo	Hy	320208	3.106850e+02	3.122569e+02	3.546202e+00	1572	0	31
103	f	21	180	83	2	1	SCDA	Fy	Ho	403116	3.139685e+02	3.152667e+02	3.725356e+00	1298	0	31
103	f	21	181	84	2	1	DCSA	Hy	Fo	315201	3.172527e+02	3.186679e+02	3.486624e+00	1415	0	31
103	f	21	182	85	2	1	SCSA	Hy	Fo	320208	3.205354e+02	3.216118e+02	3.735998e+00	1076	0	31
103	f	21	183	86	2	1	SCDA	Ho	Fy	402106	3.238198e+02	3.254242e+02	3.595242e+00	1604	0	31
103	f	21	184	87	2	1	DCSA	Fo	Ho	403206	3.271027e+02	3.283059e+02	2.780597e+00	1203	0	31
103	f	21	185	88	2	2	SCDA	Fy	Ho	402106	3.307368e+02	3.319504e+02	4.125018e+00	1214	0	32
103	f	21	186	89	2	2	DCDA	Ho	Fy	403116	3.340197e+02	3.353114e+02	2.931250e+00	1292	0	32
103	f	21	187	90	2	2	SCDA	Hy	Fo	315201	3.373042e+02	3.387974e+02	2.871937e+00	1493	0	32
103	f	21	188	91	2	2	DCSA	Fy	Hy	306105	3.405869e+02	3.423521e+02	3.343392e+00	1765	0	32
103	f	21	189	92	2	2	SCDA	Fo	Hy	315201	3.438709e+02	3.455428e+02	3.561555e+00	1672	0	32
103	f	21	190	93	2	1	DCSA	Ho	Fy	403116	3.471537e+02	3.489306e+02	2.798064e+00	1777	0	31
103	f	21	191	94	2	1	SCDA	Hy	Fo	315201	3.505711e+02	3.524174e+02	3.907667e+00	1846	0	31
103	f	21	192	95	2	2	DCDA	Fo	Hy	320208	3.538546e+02	3.551915e+02	2.830020e+00	1337	0	32
103	f	21	193	96	2	1	SCDA	Fy	Hy	308118	3.571383e+02	3.586729e+02	3.307047e+00	1535	0	31
103	f	21	194	97	2	1	DCSA	Hy	Fo	315201	3.644388e+02	3.655431e+02	2.926954e+00	1104	1	31
103	f	21	195	1	3	1	SSSS	Fy	Hy	325118	9.623365e+00	1.062691e+01	2.827159e+00	1004	0	31
103	f	21	196	2	3	2	SCDA	Fo	Hy	326203	1.290600e+01	1.434856e+01	2.807688e+00	1443	0	32
103	f	21	197	3	3	1	DCDA	Hy	Fo	332203	1.618966e+01	1.800615e+01	3.572334e+00	1816	0	31
103	f	21	198	4	3	2	SCSA	Hy	Fo	326203	1.947311e+01	2.090142e+01	3.628515e+00	1428	0	32
103	f	21	199	5	3	2	SCSA	Hy	Fo	326203	2.397341e+01	2.554033e+01	4.991096e+00	1567	0	32
103	f	21	200	6	3	2	SCDA	Ho	Fy	403118	2.725749e+01	2.870377e+01	3.461684e+00	1446	0	32
103	f	21	201	7	3	1	DCDA	Fy	Ho	404105	3.054085e+01	3.174896e+01	3.531068e+00	1208	0	31
103	f	21	202	8	3	1	SCSA	Fy	Ho	404105	3.387493e+01	3.488160e+01	3.828475e+00	1007	0	31
103	f	21	203	9	3	2	SCSA	Fy	Ho	404105	3.715768e+01	3.846725e+01	3.695823e+00	1310	0	32
103	f	21	204	10	3	2	SCSA	Fy	Ho	404105	4.044135e+01	4.186954e+01	3.251765e+00	1428	0	32
103	f	21	205	11	3	1	SCSA	Fy	Hy	325118	4.372534e+01	4.521554e+01	3.585258e+00	1490	0	31
103	f	21	206	12	3	1	SCDA	Fo	Hy	332203	4.700937e+01	4.830635e+01	2.865766e+00	1297	0	31
103	f	21	207	13	3	1	DCDA	Hy	Fo	326203	5.029248e+01	5.147012e+01	3.150395e+00	1178	0	31
103	f	21	208	14	3	2	SCSA	Hy	Fo	326203	5.357559e+01	5.486307e+01	3.082654e+00	1287	0	32
103	f	21	209	15	3	1	SCSA	Hy	Fo	332203	5.685988e+01	5.830177e+01	2.800367e+00	1442	0	31
103	f	21	210	16	3	1	SCDA	Ho	Fy	404105	6.232671e+01	6.386924e+01	5.955638e+00	1543	0	31
103	f	21	211	17	3	1	DCSA	Fo	Hy	332203	6.561030e+01	6.723968e+01	3.366189e+00	1629	0	31
103	f	21	212	18	3	1	SCSA	Fo	Ho	404205	7.066006e+01	7.189359e+01	5.541500e+00	1234	0	31
103	f	21	213	19	3	1	SCSA	Fo	Hy	326203	7.394387e+01	7.499323e+01	2.879666e+00	1049	0	31
103	f	21	214	20	3	2	SCDA	Fy	Ho	403118	7.746041e+01	7.868602e+01	4.008434e+00	1226	0	32
103	f	21	215	21	3	1	DCDA	Ho	Fy	403118	8.074418e+01	8.208955e+01	2.870117e+00	1345	0	31
103	f	21	216	22	3	2	SCDA	Hy	Fo	326203	8.402784e+01	8.550217e+01	3.096128e+00	1474	0	32
103	f	21	217	23	3	2	DCDA	Fo	Hy	326203	8.756118e+01	8.911612e+01	4.029470e+00	1555	0	32
103	f	21	218	24	3	2	SCSA	Fo	Hy	332203	9.339567e+01	9.477840e+01	6.320991e+00	1383	0	32
103	f	21	219	25	3	1	SCSA	Fo	Hy	326203	9.667844e+01	9.793472e+01	2.850173e+00	1256	0	31
103	f	21	220	26	3	2	SCSA	Fo	Ho	404205	1.001461e+02	1.017277e+02	3.956719e+00	1582	0	32
103	f	21	221	27	3	2	SCSA	Fo	Ho	404205	1.034289e+02	1.047742e+02	3.252789e+00	1345	0	32
103	f	21	222	28	3	1	SCDA	Fy	Hy	325118	1.067133e+02	1.080174e+02	3.408159e+00	1304	0	31
103	f	21	223	29	3	1	DCDA	Ho	Fo	404210	1.105633e+02	1.119325e+02	4.340054e+00	1369	0	31
103	f	21	224	30	3	1	SCSA	Ho	Fy	404105	1.138473e+02	1.147947e+02	3.146570e+00	 947	0	31
103	f	21	225	31	3	1	SCSA	Ho	Fy	403118	1.171301e+02	1.184384e+02	3.287807e+00	1308	0	31
103	f	21	226	32	3	2	SCSA	Ho	Fy	403118	1.210479e+02	1.223902e+02	4.412804e+00	1342	0	32
103	f	21	227	33	3	2	SCSA	Ho	Fy	404105	1.256974e+02	1.271497e+02	5.135148e+00	1452	0	32
103	f	21	228	34	3	1	SCSA	Ho	Fy	403118	1.289812e+02	1.303405e+02	2.892501e+00	1359	0	31
103	f	21	229	35	3	2	SCDA	Hy	Fo	326203	1.322645e+02	1.336287e+02	3.371188e+00	1364	0	32
103	f	21	230	36	3	1	DCSA	Fy	Ho	404105	1.371485e+02	1.383802e+02	5.381823e+00	1232	0	31
103	f	21	231	37	3	1	SCDA	Fo	Hy	326203	1.404323e+02	1.416751e+02	3.625006e+00	1243	0	31
103	f	21	232	38	3	1	DCDA	Hy	Fo	326203	1.437489e+02	1.449538e+02	3.810147e+00	1205	0	31
103	f	21	233	39	3	1	SCDA	Ho	Fy	403118	1.470328e+02	1.489534e+02	3.638588e+00	1921	0	31
103	f	21	234	40	3	1	DCSA	Fo	Hy	326203	1.503158e+02	1.514738e+02	3.510349e+00	1158	0	31
103	f	21	235	41	3	2	SCDA	Fy	Ho	403118	1.541164e+02	1.553147e+02	4.294655e+00	1198	0	32
103	f	21	236	42	3	2	DCDA	Ho	Fy	404105	1.573996e+02	1.587587e+02	2.788890e+00	1359	0	32
103	f	21	237	43	3	2	SCDA	Hy	Fy	314113	1.612497e+02	1.628560e+02	4.341602e+00	1606	0	32
103	f	21	238	44	3	2	DCSA	Fy	Hy	314113	1.645329e+02	1.661464e+02	3.264794e+00	1614	0	32
103	f	21	239	45	3	2	SCSA	Fy	Ho	403118	1.678168e+02	1.693863e+02	2.854598e+00	1570	0	32
103	f	21	240	46	3	2	SCDA	Fo	Hy	332203	1.711007e+02	1.729025e+02	2.888219e+00	1802	0	32
103	f	21	241	47	3	2	DCDA	Hy	Fo	332203	1.748013e+02	1.763208e+02	4.192420e+00	1520	0	32
103	f	21	242	48	3	1	SCSA	Hy	Fo	332203	1.793346e+02	1.808153e+02	5.018215e+00	1481	0	31
103	f	21	243	49	3	1	SCDA	Ho	Fo	404210	1.826185e+02	1.840041e+02	3.126811e+00	1386	0	31
103	f	21	244	50	3	1	DCDA	Fy	Ho	403118	1.860345e+02	1.878533e+02	3.902922e+00	1819	0	31
103	f	21	245	51	3	1	SCDA	Fo	Hy	332203	1.898185e+02	1.911228e+02	4.273376e+00	1304	0	31
103	f	21	246	52	3	1	DCSA	Ho	Fy	403118	1.931019e+02	1.943375e+02	3.466640e+00	1236	0	31
103	f	21	247	53	3	1	SCSA	Ho	Fy	403118	1.989520e+02	2.002750e+02	6.338688e+00	1323	0	31
103	f	21	248	54	3	2	SCSA	Ho	Fy	403118	2.031701e+02	2.043044e+02	4.702656e+00	1134	0	32
103	f	21	249	55	3	1	SCDA	Hy	Fo	326203	2.064536e+02	2.077107e+02	3.776876e+00	1257	0	31
103	f	21	250	56	3	2	DCSA	Fy	Ho	403118	2.097365e+02	2.116330e+02	2.780518e+00	1896	0	32
103	f	21	251	57	3	1	SCDA	Fo	Hy	332203	2.130203e+02	2.141997e+02	2.806229e+00	1179	0	31
103	f	21	252	58	3	2	DCSA	Ho	Fo	404205	2.174877e+02	2.187900e+02	4.953950e+00	1302	0	32
103	f	21	253	59	3	2	SCDA	Hy	Fy	314113	2.207704e+02	2.222487e+02	2.761921e+00	1478	0	32
103	f	21	254	60	3	2	DCDA	Fo	Ho	404210	2.240546e+02	2.256496e+02	2.948347e+00	1595	0	32
103	f	21	255	61	3	2	SCSA	Fo	Hy	332203	2.273382e+02	2.286004e+02	2.861498e+00	1262	0	32
103	f	21	256	62	3	1	SCDA	Fy	Hy	325118	2.338879e+02	2.351880e+02	7.047837e+00	1300	0	31
103	f	21	257	63	3	1	DCSA	Hy	Fo	332203	2.371721e+02	2.384424e+02	3.187732e+00	1270	0	31
103	f	21	258	64	3	1	SCSA	Hy	Fo	326203	2.404553e+02	2.416015e+02	3.749383e+00	1146	0	31
103	f	21	259	65	3	2	SCSA	Hy	Fy	314113	2.438558e+02	2.451138e+02	3.888509e+00	1258	0	32
103	f	21	260	66	3	2	SCSA	Hy	Fo	326203	2.471388e+02	2.486374e+02	2.850833e+00	1499	0	32
103	f	21	261	67	3	1	SCDA	Ho	Fy	404105	2.518898e+02	2.530251e+02	5.245107e+00	1135	0	31
103	f	21	262	68	3	1	DCDA	Fy	Hy	314113	2.551732e+02	2.569885e+02	2.955573e+00	1815	0	31
103	f	21	263	69	3	1	SCSA	Fy	Ho	403118	2.584565e+02	2.599201e+02	2.906594e+00	1464	0	31
103	f	21	264	70	3	1	SCSA	Fy	Hy	314113	2.617406e+02	2.634592e+02	3.361040e+00	1719	0	31
103	f	21	265	71	3	1	SCDA	Fo	Hy	332203	2.650241e+02	2.662903e+02	3.683004e+00	1266	0	31
103	f	21	266	72	3	1	DCSA	Ho	Fy	404105	2.683074e+02	2.696860e+02	3.174521e+00	1379	0	31
103	f	21	267	73	3	1	SCDA	Hy	Fo	326203	2.715907e+02	2.728516e+02	3.381601e+00	1261	0	31
103	f	21	268	74	3	1	DCDA	Fo	Ho	404205	2.761742e+02	2.775259e+02	5.097257e+00	1352	0	31
103	f	21	269	75	3	1	SCSA	Fo	Hy	326203	2.794578e+02	2.805867e+02	3.660077e+00	1129	0	31
103	f	21	270	76	3	2	SCDA	Fy	Ho	403118	2.833747e+02	2.846599e+02	4.404256e+00	1285	0	32
103	f	21	271	77	3	1	DCSA	Hy	Fy	314113	2.866592e+02	2.878793e+02	3.681994e+00	1220	0	31
103	f	21	272	78	3	1	SCDA	Ho	Fo	404205	2.900422e+02	2.912921e+02	3.881211e+00	1250	0	31
103	f	21	273	79	3	1	DCSA	Fo	Hy	332203	2.973430e+02	2.986460e+02	3.571862e+00	1303	1	31
103	f	21	274	80	3	1	SCDA	Fy	Ho	403118	3.006260e+02	3.019962e+02	3.628003e+00	1370	0	31
103	f	21	275	81	3	1	DCSA	Hy	Fy	325118	3.039095e+02	3.053338e+02	3.512007e+00	1424	0	31
103	f	21	276	82	3	1	SCDA	Ho	Fy	404105	3.071936e+02	3.083847e+02	3.169680e+00	1191	0	31
103	f	21	277	83	3	2	DCSA	Fo	Hy	332203	3.104774e+02	3.116606e+02	2.833333e+00	1183	0	32
103	f	21	278	84	3	1	SCDA	Fy	Ho	404105	3.137603e+02	3.148084e+02	3.200905e+00	1048	0	31
103	f	21	279	85	3	1	DCDA	Ho	Fy	403118	3.170439e+02	3.183399e+02	3.254621e+00	1296	0	31
103	f	21	280	86	3	1	SCDA	Hy	Fy	325118	3.203272e+02	3.215662e+02	3.121190e+00	1239	0	31
103	f	21	281	87	3	2	DCDA	Fo	Hy	332203	3.236112e+02	3.249419e+02	2.963975e+00	1331	0	32
103	f	21	282	88	3	1	SCDA	Fy	Ho	404105	3.268949e+02	3.280327e+02	2.905613e+00	1138	0	31
103	f	21	283	89	3	2	DCSA	Hy	Fo	332203	3.306950e+02	3.318863e+02	4.293629e+00	1191	0	32
103	f	21	284	90	3	2	SCDA	Ho	Fo	404210	3.339789e+02	3.355366e+02	2.811046e+00	1558	0	32
103	f	21	285	91	3	1	DCDA	Fy	Ho	404105	3.386793e+02	3.398588e+02	5.186858e+00	1179	0	31
103	f	21	286	92	3	2	SCSA	Fy	Ho	403118	3.423788e+02	3.436885e+02	4.198328e+00	1310	0	32
103	f	21	287	93	3	1	SCDA	Fo	Ho	404205	3.456625e+02	3.468133e+02	3.391309e+00	1151	0	31
103	f	21	288	94	3	1	DCSA	Ho	Fy	403118	3.492296e+02	3.507878e+02	4.057571e+00	1558	0	31
103	f	21	289	95	3	1	SCSA	Ho	Fo	404210	3.525137e+02	3.538565e+02	3.466927e+00	1343	0	31
103	f	21	290	96	3	2	SCDA	Hy	Fo	332203	3.557968e+02	3.572919e+02	2.894760e+00	1495	0	32
103	f	21	291	97	3	2	DCSA	Fy	Ho	404105	3.590805e+02	3.602389e+02	3.706846e+00	1158	0	32
103	f	21	292	1	4	1	SSSS	Fy	Hy	328110	9.632144e+00	1.174175e+01	7.188962e+00	2110	0	31
103	f	21	293	2	4	1	SCSA	Fy	Ho	404113	1.326590e+01	1.426768e+01	4.120266e+00	1002	0	31
103	f	21	294	3	4	2	SCSA	Fy	Ho	406111	1.654895e+01	1.762810e+01	2.842357e+00	1079	0	32
103	f	21	295	4	4	1	SCSA	Fy	Ho	406111	2.033224e+01	2.181018e+01	4.266465e+00	1478	0	31
103	f	21	296	5	4	2	SCSA	Fy	Ho	404113	2.598280e+01	2.740470e+01	6.134133e+00	1422	0	32
103	f	21	297	6	4	2	SCDA	Fo	Hy	333207	2.968390e+01	3.104841e+01	4.191852e+00	1365	0	32
103	f	21	298	7	4	1	DCSA	Ho	Fo	405207	3.296671e+01	3.406746e+01	3.377906e+00	1101	0	31
103	f	21	299	8	4	2	SCSA	Ho	Fy	406111	3.716708e+01	3.864335e+01	4.697423e+00	1476	0	32
103	f	21	300	9	4	2	SCSA	Ho	Fy	404113	4.045086e+01	4.215622e+01	3.236622e+00	1705	0	32
103	f	21	301	10	4	1	SCDA	Hy	Fo	335204	4.510084e+01	4.671719e+01	5.143383e+00	1616	0	31
103	f	21	302	11	4	2	DCDA	Fo	Hy	333207	4.838435e+01	4.981164e+01	3.262830e+00	1427	0	32
103	f	21	303	12	4	2	SCSA	Fo	Ho	405207	5.166799e+01	5.352760e+01	2.895010e+00	1860	0	32
103	f	21	304	13	4	1	SCSA	Fo	Ho	406215	5.826929e+01	5.938330e+01	7.095618e+00	1114	0	31
103	f	21	305	14	4	2	SCDA	Fy	Ho	406111	6.155262e+01	6.299178e+01	3.532705e+00	1439	0	32
103	f	21	306	15	4	1	DCDA	Ho	Fo	405207	6.483578e+01	6.595309e+01	3.492781e+00	1117	0	31
103	f	21	307	16	4	2	SCSA	Ho	Fy	406111	6.811925e+01	6.949538e+01	3.015778e+00	1376	0	32
103	f	21	308	17	4	2	SCDA	Hy	Fo	335204	7.140247e+01	7.294770e+01	2.984077e+00	1545	0	32
103	f	21	309	18	4	1	DCDA	Fo	Ho	406215	7.578690e+01	7.721667e+01	4.879914e+00	1430	0	31
103	f	21	310	19	4	1	SCSA	Fo	Hy	335204	7.906991e+01	8.059886e+01	3.330576e+00	1529	0	31
103	f	21	311	20	4	2	SCSA	Fo	Hy	333207	8.235423e+01	8.402688e+01	3.373631e+00	1673	0	32
103	f	21	312	21	4	2	SCSA	Fo	Hy	333207	8.563771e+01	8.693250e+01	3.565577e+00	1295	0	32
103	f	21	313	22	4	1	SCSA	Fo	Hy	333207	9.247060e+01	9.362029e+01	7.322069e+00	1150	0	31
103	f	21	314	23	4	1	SCDA	Fy	Ho	406111	9.575455e+01	9.700519e+01	3.567324e+00	1251	0	31
103	f	21	315	24	4	2	DCSA	Hy	Fy	328117	9.903795e+01	1.006489e+02	3.463593e+00	1611	0	32
103	f	21	316	25	4	1	SCSA	Hy	Fo	335204	1.036551e+02	1.049460e+02	5.104127e+00	1291	0	31
103	f	21	317	26	4	1	SCSA	Hy	Fy	328110	1.085059e+02	1.097602e+02	5.342229e+00	1254	0	31
103	f	21	318	27	4	2	SCSA	Hy	Fo	333207	1.117889e+02	1.132188e+02	3.659907e+00	1430	0	32
103	f	21	319	28	4	1	SCSA	Hy	Fo	335204	1.162723e+02	1.175984e+02	4.977973e+00	1326	0	31
103	f	21	320	29	4	2	SCDA	Ho	Fy	406111	1.195561e+02	1.208663e+02	3.420982e+00	1310	0	32
103	f	21	321	30	4	2	DCDA	Fy	Ho	406111	1.249071e+02	1.259673e+02	5.838896e+00	1060	0	32
103	f	21	322	31	4	2	SCSA	Fy	Ho	404113	1.281902e+02	1.292209e+02	3.075980e+00	1031	0	32
103	f	21	323	32	4	1	SCDA	Fo	Hy	335204	1.336745e+02	1.348098e+02	5.976861e+00	1135	0	31
103	f	21	324	33	4	1	DCDA	Hy	Fo	335204	1.370739e+02	1.382636e+02	3.885286e+00	1190	0	31
103	f	21	325	34	4	2	SCSA	Hy	Fy	328110	1.403579e+02	1.414818e+02	3.062437e+00	1124	0	32
103	f	21	326	35	4	2	SCSA	Hy	Fo	333207	1.439419e+02	1.453765e+02	4.077752e+00	1435	0	32
103	f	21	327	36	4	1	SCDA	Ho	Fy	406111	1.472251e+02	1.490325e+02	2.877106e+00	1807	0	31
103	f	21	328	37	4	2	DCSA	Fo	Hy	333207	1.512416e+02	1.527973e+02	4.504712e+00	1556	0	32
103	f	21	329	38	4	1	SCDA	Fy	Hy	328110	1.545253e+02	1.561232e+02	3.634587e+00	1598	0	31
103	f	21	330	39	4	1	DCDA	Ho	Fy	406111	1.578086e+02	1.590838e+02	3.103585e+00	1275	0	31
103	f	21	331	40	4	1	SCSA	Ho	Fy	404113	1.610930e+02	1.622482e+02	3.685763e+00	1155	0	31
103	f	21	332	41	4	1	SCDA	Hy	Fo	335204	1.643766e+02	1.657461e+02	3.586537e+00	1370	0	31
103	f	21	333	42	4	2	DCSA	Fy	Ho	404113	1.676598e+02	1.688825e+02	3.315566e+00	1223	0	32
103	f	21	334	43	4	1	SCDA	Fo	Hy	333207	1.712600e+02	1.724547e+02	4.082826e+00	1195	0	31
103	f	21	335	44	4	2	DCSA	Ho	Fy	406111	1.747431e+02	1.762017e+02	3.975941e+00	1459	0	32
103	f	21	336	45	4	1	SCSA	Ho	Fy	404113	1.799942e+02	1.811023e+02	5.734531e+00	1108	0	31
103	f	21	337	46	4	1	SCSA	Ho	Fy	406111	1.832775e+02	1.846745e+02	3.166988e+00	1397	0	31
103	f	21	338	47	4	2	SCSA	Ho	Fy	406111	1.865608e+02	1.876732e+02	3.710314e+00	1112	0	32
103	f	21	339	48	4	2	SCDA	Hy	Fo	333207	1.906778e+02	1.919402e+02	4.611024e+00	1262	0	32
103	f	21	340	49	4	1	DCDA	Fo	Ho	406215	1.939612e+02	1.950823e+02	2.954598e+00	1121	0	31
103	f	21	341	50	4	2	SCSA	Fo	Hy	333207	1.975785e+02	1.988298e+02	4.100424e+00	1251	0	32
103	f	21	342	51	4	2	SCDA	Fy	Ho	406111	2.008618e+02	2.023514e+02	3.384107e+00	1490	0	32
103	f	21	343	52	4	2	DCSA	Hy	Fo	333207	2.041452e+02	2.053982e+02	3.121779e+00	1253	0	32
103	f	21	344	53	4	1	SCDA	Ho	Fo	406215	2.074285e+02	2.089524e+02	3.301637e+00	1524	0	31
103	f	21	345	54	4	1	DCSA	Fo	Hy	335204	2.107122e+02	2.119982e+02	3.070041e+00	1286	0	31
103	f	21	346	55	4	2	SCDA	Fy	Ho	406111	2.140964e+02	2.153574e+02	3.874879e+00	1261	0	32
103	f	21	347	56	4	2	DCDA	Ho	Fy	406111	2.173794e+02	2.186520e+02	3.514382e+00	1273	0	32
103	f	21	348	57	4	1	SCSA	Ho	Fy	404113	2.206628e+02	2.216770e+02	3.529167e+00	1014	0	31
103	f	21	349	58	4	2	SCDA	Hy	Fo	333207	2.239471e+02	2.251831e+02	2.796161e+00	1236	0	32
103	f	21	350	59	4	2	DCSA	Fy	Hy	328110	2.272299e+02	2.286665e+02	3.496884e+00	1437	0	32
103	f	21	351	60	4	1	SCDA	Fo	Hy	333207	2.305146e+02	2.317825e+02	3.257722e+00	1268	0	31
103	f	21	352	61	4	1	DCDA	Hy	Fo	333207	2.341982e+02	2.354116e+02	4.181070e+00	1213	0	31
103	f	21	353	62	4	2	SCSA	Hy	Fo	333207	2.374811e+02	2.386108e+02	3.494825e+00	1130	0	32
103	f	21	354	63	4	1	SCDA	Ho	Fy	406111	2.409979e+02	2.422261e+02	4.013226e+00	1228	0	31
103	f	21	355	64	4	1	DCDA	Fy	Ho	404113	2.456653e+02	2.468079e+02	5.164327e+00	1143	0	31
103	f	21	356	65	4	1	SCSA	Fy	Hy	328110	2.498824e+02	2.511127e+02	4.700276e+00	1230	0	31
103	f	21	357	66	4	1	SCDA	Fo	Ho	406215	2.531653e+02	2.545526e+02	3.130476e+00	1387	0	31
103	f	21	358	67	4	1	DCDA	Hy	Fy	328117	2.564486e+02	2.577717e+02	3.433762e+00	1323	0	31
103	f	21	359	68	4	2	SCDA	Ho	Fo	406215	2.597331e+02	2.610539e+02	3.744859e+00	1321	0	32
103	f	21	360	69	4	2	DCDA	Fy	Ho	406111	2.631497e+02	2.644994e+02	3.898145e+00	1350	0	32
103	f	21	361	70	4	1	SCSA	Fy	Ho	406111	2.664331e+02	2.679577e+02	3.299479e+00	1525	0	31
103	f	21	362	71	4	2	SCDA	Fo	Hy	335204	2.706163e+02	2.721637e+02	4.667727e+00	1547	0	32
103	f	21	363	72	4	2	DCDA	Hy	Fo	335204	2.740006e+02	2.756082e+02	3.870106e+00	1608	0	32
103	f	21	364	73	4	1	SCDA	Ho	Fo	406215	2.772836e+02	2.787466e+02	3.595949e+00	1463	0	31
103	f	21	365	74	4	2	DCDA	Fy	Ho	404113	2.812178e+02	2.826668e+02	4.422388e+00	1449	0	32
103	f	21	366	75	4	2	SCDA	Fo	Hy	335204	2.845008e+02	2.864149e+02	3.005826e+00	1914	0	32
103	f	21	367	76	4	1	DCSA	Ho	Fy	404113	2.877847e+02	2.891256e+02	2.914590e+00	1341	0	31
103	f	21	368	77	4	1	SCDA	Hy	Fy	328117	2.910678e+02	2.923644e+02	2.760972e+00	1297	0	31
103	f	21	369	78	4	1	DCSA	Fy	Ho	406111	2.943514e+02	2.956669e+02	3.014951e+00	1315	0	31
103	f	21	370	79	4	1	SCDA	Fo	Hy	333207	2.976346e+02	2.989640e+02	3.108614e+00	1329	0	31
103	f	21	371	80	4	2	DCSA	Ho	Fy	404113	3.022025e+02	3.035072e+02	5.053326e+00	1305	0	32
103	f	21	372	81	4	2	SCDA	Hy	Fo	333207	3.054864e+02	3.074819e+02	3.467736e+00	1995	0	32
103	f	21	373	82	4	1	DCDA	Fo	Hy	335204	3.093193e+02	3.110524e+02	4.317378e+00	1733	0	31
103	f	21	374	83	4	1	SCDA	Fy	Ho	404113	3.126697e+02	3.140557e+02	3.844346e+00	1386	0	31
103	f	21	375	84	4	1	DCSA	Hy	Fo	335204	3.159533e+02	3.173568e+02	3.179909e+00	1403	0	31
103	f	21	376	85	4	2	SCDA	Ho	Fy	404113	3.209707e+02	3.222771e+02	5.509448e+00	1306	0	32
103	f	21	377	86	4	1	DCSA	Fo	Hy	333207	3.242542e+02	3.258788e+02	3.368028e+00	1625	0	31
103	f	21	378	87	4	2	SCSA	Fo	Ho	405207	3.275378e+02	3.292024e+02	2.992112e+00	1665	0	32
103	f	21	379	88	4	2	SCDA	Fy	Hy	328117	3.308213e+02	3.323901e+02	3.620442e+00	1569	0	32
103	f	21	380	89	4	2	DCSA	Hy	Fo	335204	3.341050e+02	3.357771e+02	2.750739e+00	1672	0	32
103	f	21	381	90	4	2	SCSA	Hy	Fo	333207	3.376380e+02	3.389320e+02	4.029792e+00	1294	0	32
103	f	21	382	91	4	2	SCDA	Ho	Fo	405207	3.409549e+02	3.425477e+02	3.798190e+00	1593	0	32
103	f	21	383	92	4	2	DCSA	Fo	Hy	335204	3.442383e+02	3.459382e+02	3.079697e+00	1700	0	32
103	f	21	384	93	4	1	SCDA	Fy	Ho	406111	3.476214e+02	3.489006e+02	3.876215e+00	1279	0	31
103	f	21	385	94	4	1	DCDA	Ho	Fy	406111	3.509062e+02	3.527837e+02	2.772778e+00	1878	0	31
103	f	21	386	95	4	1	SCDA	Hy	Fy	328110	3.541889e+02	3.553689e+02	3.596676e+00	1180	0	31
103	f	21	387	96	4	2	DCSA	Fy	Hy	328117	3.574721e+02	3.591100e+02	3.132524e+00	1638	0	32
103	f	21	388	97	4	2	SCSA	Fy	Hy	328117	3.607565e+02	3.618175e+02	2.839613e+00	1061	0	32
